
Výsledky klasifikácie na dátach z adresára test AUDIO:
Celková presnosť: 72.58% (45/62)

Vyhodnocení modelu:
              precision    recall  f1-score   support

           1       1.00      0.50      0.67         2
           2       1.00      1.00      1.00         2
           3       1.00      0.50      0.67         2
           4       0.67      1.00      0.80         2
           5       0.67      1.00      0.80         2
           6       1.00      1.00      1.00         2
           7       1.00      1.00      1.00         2
           8       1.00      1.00      1.00         2
           9       1.00      1.00      1.00         2
          10       1.00      0.50      0.67         2
          11       1.00      0.50      0.67         2
          12       0.50      0.50      0.50         2
          13       1.00      1.00      1.00         2
          14       0.40      1.00      0.57         2
          15       1.00      0.50      0.67         2
          16       1.00      1.00      1.00         2
          17       1.00      0.50      0.67         2
          18       1.00      1.00      1.00         2
          19       0.33      1.00      0.50         2
          20       0.00      0.00      0.00         2
          21       1.00      1.00      1.00         2
          22       0.00      0.00      0.00         2
          23       1.00      0.50      0.67         2
          24       0.50      1.00      0.67         2
          25       0.00      0.00      0.00         2
          26       0.50      1.00      0.67         2
          27       1.00      1.00      1.00         2
          28       0.50      1.00      0.67         2
          29       1.00      1.00      1.00         2
          30       1.00      0.50      0.67         2
          31       0.00      0.00      0.00         2

    accuracy                           0.73        62
   macro avg       0.74      0.73      0.69        62
weighted avg       0.74      0.73      0.69        62



Evaluace modelu na testovacích datech...

Vyhodnocení modelu IMAGAE:
              precision    recall  f1-score   support

           1       0.00      0.00      0.00         2
           2       1.00      0.50      0.67         2
           3       1.00      1.00      1.00         2
           4       0.50      1.00      0.67         2
           5       0.67      1.00      0.80         2
           6       1.00      1.00      1.00         2
           7       0.00      0.00      0.00         2
           8       0.00      0.00      0.00         2
           9       1.00      1.00      1.00         2
          10       1.00      1.00      1.00         2
          11       1.00      1.00      1.00         2
          12       0.00      0.00      0.00         2
          13       1.00      1.00      1.00         2
          14       1.00      1.00      1.00         2
          15       1.00      1.00      1.00         2
          16       1.00      1.00      1.00         2
          17       0.50      0.50      0.50         2
          18       1.00      1.00      1.00         2
          19       0.33      1.00      0.50         2
          20       0.40      1.00      0.57         2
          21       0.33      1.00      0.50         2
          22       0.00      0.00      0.00         2
          23       1.00      1.00      1.00         2
          24       1.00      1.00      1.00         2
          25       0.67      1.00      0.80         2
          26       0.00      0.00      0.00         2
          27       0.00      0.00      0.00         2
          28       1.00      1.00      1.00         2
          29       1.00      1.00      1.00         2
          30       1.00      1.00      1.00         2
          31       1.00      0.50      0.67         2

    accuracy                           0.73        62
   macro avg       0.66      0.73      0.67        62
weighted avg       0.66      0.73      0.67        62